14.3378767523
14.3379438378
14.3379522285
14.3379538395
14.337954076
14.3379539822
14.3379538254
14.3379536787
14.3379535591
14.3379534665
14.3379533964
14.3379533439
14.3379533047
14.3379532755
14.3379532537
14.3379532375
14.3379532254
14.3379532163
14.3379532095
14.3379532044
14.3379532006
14.3379531977
14.3379531955
14.3379531939
14.3379531927
14.3379531917
14.337953191
14.3379531905
14.33795319
14.3379531897
14.3379531895
14.3379531893
14.3379531892
14.3379531891
14.337953189
14.3379531889
14.3379531889
14.3379531888
14.3379531888
14.3379531888
14.3379531888
14.3379531888
14.3379531887
14.3379531887
14.3379531887
14.3379531887
14.3379531887
14.3379531887
14.3379531887
14.3379531887
14.3379531887
14.3379531887
14.3379531887
14.3379531887
14.3379531887
14.3379531887
14.3379531887
14.3379531887
14.3379531887
14.3379531887
14.3379531887
14.3379531887
14.3379531887
14.3379531887
14.3379531887
14.3379531887
14.3379531887
14.3379531887
14.3379531887
14.3379531887
14.3379531887
14.3379531887
14.3379531887
14.3379531887
14.3379531887