9.41759147098 242.10783219 15.5517705725
2.74117388569 229.756225979 5.23364653205
1.41040918336 217.964895981 2.95891304453
1.022268134 206.712347972 2.10994032243
0.938539513133 195.977913892 1.69498780917
0.924334052138 185.741777412 1.45965076966
0.928055372328 175.984989151 1.31128997924
0.936855497163 166.689468408 1.2155769697
0.945196462632 157.837978968 1.14846771372
0.951258218022 149.414068483 1.09799616688
0.95503880777 141.401987707 1.06152778261
0.957262947686 133.786622627 1.0317999227
0.958593270318 126.553444413 1.00886105377
0.959444011162 119.688453458 0.991974332828
0.960038061304 113.178102779 0.97742419617
0.960487556763 107.009205436 0.965420365445
0.960847413471 101.168839416 0.955966471434
0.961144950007 95.6442651619 0.947373304032
0.96139475801 90.4228682732 0.940273025118
0.961605701442 85.4921316403 0.933307456659
0.96178394625 80.8396316769 0.927084523212
0.961934177611 76.4530498482 0.922778796132
0.962060065637 72.3201939418 0.918224533908
0.962164470665 68.4290266673 0.914413453871
0.962249583008 64.7676981199 0.911174217886
0.962317060668 61.3245774454 0.90839083215
0.962368171806 58.0882824856 0.905933472542
0.962403930728 55.047711639 0.903439195677
0.962425215034 52.1920823695 0.900656968955
0.962432857076 49.5109737793 0.898123578824
0.962427708814 46.9943634011 0.896353435874
0.962410682902 44.6326486477 0.894546316858
0.962382774119 42.416650478 0.893040736197
0.962345065059 40.3376038545 0.891676734949
0.962298719273 38.3871419827 0.890499340617
0.962244964631 36.5572799849 0.888919364262
0.962185069582 34.8404012113 0.887703814308
0.962120315059 33.2292473898 0.886213299135
0.962051964886 31.7169125544 0.885213765992
0.96198123729 30.2968399777 0.884182403482
0.961909279695 28.9628209705 0.883504485657
0.96183714833 27.7089943061 0.882510237996
0.961765793451 26.5298451184 0.881278799642
0.961696050315 25.4202023719 0.880278452758
0.961628635554 24.3752343075 0.879822383154
0.961564148175 23.3904415752 0.879487245142
0.961503074308 22.4616480058 0.878740871175
0.961445794696 21.5849891551 0.878051264393
0.961392594054 20.7568988563 0.877577459982
0.961343671474 19.9740940822 0.876893999751
0.961299151262 19.2335584456 0.876816765861
0.961259093705 18.5325246755 0.876844298243
0.961223505405 17.8684564113 0.876497785087
0.961192348968 17.2390296515 0.875813752457
0.96116555188 16.6421141891 0.875761969161
0.961143014515 16.0757553509 0.87554481631
0.961124617244 15.5381563412 0.875204377225
0.961110226673 15.0276614599 0.874698241587
0.961099701032 14.5427404286 0.874621256414
0.961092894781 14.0819740135 0.874258170875
0.961089662489 13.6440410788 0.873879593729
0.961089862047 13.2277071505 0.873483766586
0.961093357286 12.8318145095 0.873312066766
0.961100020064 12.4552737785 0.873047865927
0.961109731875 12.0970569159 0.872537463686
0.961122385048 11.7561914893 0.872225266646
0.961137883595 11.4317560699 0.87211073437
0.961156143745 11.1228765712 0.871828342978
0.961177094234 10.8287233527 0.871795060557
0.96120067638 10.5485089117 0.871502862605
0.961226843987 10.2814860037 0.871352876377
0.961255563116 10.0269460536 0.871036621757
0.96128681175 9.78421774495 0.871049557626
0.961320579368 9.55266570035 0.87066021699
0.961356866452 9.33168919177 0.870561283494