11.3778482767 82.0869941976 16.7228546204
3.01575036293 75.9279734816 5.37171766033
1.26819560264 70.241838131 2.92114108551
0.971976480434 65.0109213395 2.05882579467
0.942060032553 60.214173428 1.64268052298
0.948194686683 55.8279626602 1.41652217213
0.952798094135 51.8267845525 1.27202943128
0.954467298706 48.1836443475 1.18024126657
0.954374825099 44.8705270757 1.11493240083
0.953283278671 41.8593633377 1.06847460684
0.95160524291 39.1231306383 1.03220581772
0.949597543651 36.6365456518 1.00690687146
0.947422244458 34.3762932633 0.985692997803
0.945178221103 32.32098851 0.968901286032
0.942923644012 30.4510439674 0.954560559331
0.940692112085 28.7485369364 0.943412988955
0.938503502667 27.197103262 0.934482287883
0.936370926906 25.7818509605 0.927074317092
0.934304974512 24.4892798738 0.920201226331
0.932315925665 23.30719774 0.914875423916
0.930414174158 22.2246292148 0.91017559708
0.928609104229 21.2317189044 0.905837264203
0.926907157998 20.3196315315 0.901861013409
0.925310279791 19.4804525669 0.898523962953
0.923815624961 18.7070921181 0.895973014011
0.922416524826 17.9931943143 0.892487413451
0.921104072467 17.3330539142 0.890180032448
0.919868710959 16.7215411667 0.887900209748
0.918701505453 16.1540351266 0.885654176549
0.917595000895 15.62636495 0.884003050556
0.916543667371 15.1347583788 0.88228450911
0.915543992181 14.6757966395 0.881308164083
0.914594318403 14.2463751366 0.879562381427
0.913694538019 13.8436694629 0.87875266619
0.912845717593 13.4651063253 0.877924558043
0.912049684577 13.1083390065 0.877053953927
0.911308562315 12.7712269715 0.876210143885
0.910624236295 12.4518192146 0.875537455385
0.90999777387 12.1483409144 0.874891916689
0.909428890092 11.8591829404 0.87403006094
0.908915607973 11.5828937134 0.873335918561
0.908454243071 11.31817288 0.873023178626
0.908039730446 11.063866213 0.872395379748
0.907666169791 10.8189611174 0.872033183471
0.907327395417 10.5825821009 0.871723323022
0.907017422279 10.3539855971 0.871290026398
0.906730720155 10.132553597 0.871157859243
0.906462345081 9.91778567697 0.870874638369
0.906207980998 9.70928918976 0.870484977159
0.905963934191 9.506767609 0.8702515429
0.905727104917 9.31000725228 0.869773806471
0.905494947522 9.11886282666 0.869538313725
0.905265423679 8.93324240981 0.869478665345
0.905036950833 8.75309257384 0.869079617095
0.904808347408 8.57838436381 0.868577299601
0.904578776551 8.40910076115 0.868059531681
0.904347690429 8.24522611083 0.867827273125
0.90411477717 8.08673779737 0.867594107876
0.903879912279 7.9336002506 0.86745871407
0.903643115844 7.78576117679 0.867303989835
0.903404516308 7.64314976544 0.867282110009
0.903164320951 7.50567652905 0.867141493946
0.902922792805 7.37323439185 0.867068085815
0.902680233335 7.2457006481 0.86670227471
0.902436970082 7.12293944794 0.866542101973
0.902193348305 7.00480452583 0.866591339985
0.901949725751 6.89114195109 0.866465843411
0.90170646969 6.78179274296 0.866386093867
0.901463955491 6.67659524755 0.866206720338
0.901222566136 6.57538721911 0.866151639735
0.900982692178 6.47800758191 0.866160217454
0.900744731754 6.3842978735 0.866179888612
0.900509090354 6.29410338632 0.865972283556
0.900276180096 6.20727403456 0.865928057562
0.900046418316 6.12366497836 0.865951013468