8.23197196319 161.323033786 14.7128545424
2.50848291464 152.080135248 4.74072993251
1.3706529313 143.29883884 2.66580615814
1.04431284484 134.964884427 1.90790767885
0.966411288649 127.064562308 1.5426869027
0.957335891908 119.584488459 1.3403350662
0.96342663091 112.511398809 1.21204240843
0.96723490508 105.832088739 1.13007915061
0.967317959175 99.5334138971 1.07209706777
0.965371456632 93.6021005623 1.03286426997
0.962686993875 88.0244157337 1.00312478323
0.959923490947 82.7860103481 0.979673822467
0.957375113194 77.8720750873 0.960560646242
0.955150178328 73.2676406101 0.946518406993
0.953268953471 68.957764551 0.935271127354
0.9517091675 64.9275646504 0.925958939706
0.950429519949 61.1622268791 0.918100145916
0.949382590353 57.6470639078 0.911944352067
0.948522210624 54.3676189315 0.906112988452
0.947807431879 51.3097828746 0.901248628989
0.9472042669 48.4598953967 0.895817822488
0.946685920753 45.8048151114 0.891781074931
0.946232035687 43.3319598141 0.889491814206
0.945827426242 41.0293252202 0.886814520212
0.945460740087 38.8854908635 0.883816424183
0.945123344192 36.8896186876 0.881610173176
0.94480853956 35.031446935 0.879917360761
0.944511058264 33.3012803467 0.878274404388
0.94422674575 31.689977136 0.876936761115
0.943952348181 30.1889331468 0.875838493416
0.943685357878 28.7900637282 0.874444627133
0.943423893531 27.4857840304 0.873030080826
0.943166603217 26.2689885453 0.871961935411
0.94291258305 25.1330306482 0.871317763799
0.942661306534 24.0717026421 0.870469866963
0.942412561281 23.0792164717 0.869551606009
0.942166391093 22.1501850296 0.868579445014
0.941923042414 21.2796039182 0.86802380858
0.941682914912 20.4628336115 0.867234287062
0.941446516349 19.6955820836 0.866560044339
0.94121442208 18.9738880409 0.866208951421
0.940987239509 18.294104865 0.865857038961
0.940765577684 17.6528852711 0.865714742254
0.940550022041 17.0471665671 0.865365522178
0.940341114123 16.4741562944 0.864819083904
0.940139335924 15.9313179829 0.864833235618
0.939945098438 15.4163567507 0.864419575876
0.939758733947 14.9272045185 0.864166934813
0.939580491582 14.4620046774 0.863793998581
0.939410535788 14.0190961385 0.863541262489
0.93924894736 13.5969967917 0.862961247776
0.939095726783 13.1943865084 0.862679779024
0.938950799644 12.810089916 0.862254503185
0.938814023862 12.4430592552 0.862020542553
0.938685198418 12.0923576748 0.862043254162
0.938564073217 11.7571433325 0.862248424755
0.938450359621 11.4366546432 0.862055452207
0.938343741174 11.1301969535 0.86176271282
0.938243884018 10.8371308334 0.861614740574
0.938150446581 10.5568620806 0.861371908893
0.938063088178 10.2888334329 0.861317991945
0.937981476309 10.0325179007 0.861266642984
0.937905292538 9.78741356957 0.861101193106
0.937834236965 9.55303968176 0.860926749933
0.937768031371 9.3289337883 0.860737142525
0.937706421177 9.1146497665 0.860588082083
0.937649176392 8.90975651101 0.860592126174
0.937596091707 8.71383713025 0.860454812034
0.937546985887 8.52648850552 0.860500087945
0.937501700588 8.34732109598 0.860377984223
0.937460098687 8.17595889675 0.860441568806
0.937422062179 8.01203947772 0.860490051969
0.937387489701 7.85521404894 0.860408657348
0.937356293677 7.70514751294 0.860350471622
0.937328397146 7.56151847706 0.860340562692